#graphics
resolution=1273,717
resolutionSmall=1273,717
position=295,269
fullscreen=false
lockCursor=false
framerate=0.01694

#audio
channels=2
master=1.00000
music=1.00000
sfx=1.00000