#graphics
resolution=1008,567
resolutionSmall=1008,567
position=486,486
fullscreen=false
lockCursor=false
framerate=.01694

#audio
channels=2
master=1.00000
music=1.00000
sfx=1.00000