#graphics
resolution=1280,720
resolutionSmall=1280,720
position=361,308
fullscreen=false
lockCursor=false
framerate=.01694

#audio
channels=2
master=1.00000
music=1.00000
sfx=1.00000