#graphics
resolution=1920,1200
resolutionSmall=1280,720
position=369,369
fullscreen=true
lockCursor=false
framerate=0.01694

#audio
channels=2
master=1.00000
music=1.00000
sfx=1.00000