#graphics
resolution=1318,741
position=357,212
borderless=false
framerate=.01694

#audio
channels=2
master=1.00000
music=1.00000
sfx=1.00000