#graphics
resolution=1279,719
resolutionSmall=1279,719
position=271,271
fullscreen=false
lockCursor=false
framerate=0.01694

#audio
channels=2
master=1.00000
music=1.00000
sfx=1.00000