#graphics
resolution=1067,625
resolutionSmall=1067,625
position=241,241
fullscreen=false
lockCursor=false
framerate=0.01694

#audio
channels=2
master=1.00000
music=1.00000
sfx=1.00000