#graphics
resolution=1280,720
resolutionSmall=1920,1009
position=320,180
fullscreen=false
lockCursor=false
framerate=0.01694

#audio
channels=2
master=1.00000
music=1.00000
sfx=1.00000