#graphics
resolution=1140,648
resolutionSmall=1140,648
position=530,345
fullscreen=false
lockCursor=false
framerate=0.01694

#audio
channels=2
master=1.00000
music=1.00000
sfx=1.00000