#graphics
resolution=1920,1009
resolutionSmall=1280,720
position=0,23
fullscreen=true
lockCursor=false
framerate=0.01694

#audio
channels=2
master=1.00000
music=1.00000
sfx=1.00000