#graphics
resolution=1102,620
resolutionSmall=1102,620
position=412,412
fullscreen=false
lockCursor=false
framerate=.01694

#audio
channels=2
master=1.00000
music=1.00000
sfx=1.00000