#graphics
resolution=1273,716
resolutionSmall=1273,716
position=404,153
fullscreen=false
lockCursor=false
framerate=0.01694

#audio
channels=2
master=1.00000
music=1.00000
sfx=1.00000