#graphics
resolution=1920,1080
resolutionSmall=1280,720
position=0,0
fullscreen=false
lockCursor=false
framerate=0.01694

#audio
channels=2
master=1.00000
music=1.00000
sfx=1.00000