#graphics
resolution=1010,568
resolutionSmall=1010,568
position=469,426
fullscreen=false
lockCursor=false
framerate=0.01694

#audio
channels=2
master=1.00000
music=1.00000
sfx=1.00000