color=1.000000,1.000000,1.000000,1.000000
shininess=0.000000
diffuseMap=11dirt_block.bmp
shader=Tile.shd